"C:\Users\Knopf Lab\Documents\Michelle\07122023\071223_17.4wt%GLY_S1_2min_2.tif"
"Item" , "Value" , "Units"
"Object Count" , 132 , "Objects"
"Selected Area" , 355926 , "microns"
"Total Object Area" , 20869.3 , "microns"
"Percent Object Area" , 5.86339 , "%"
"Summary Average Gray" , 34158.1 , "GrayValues"
"Summary Total Gray" , 9.56185e+08 , "GrayValues"
"Summary Min Gray" , 8416 , "GrayValues"
"Summary Max Gray" , 65520 , "GrayValues"

"Object Number" , "Units" , "Area" , "Perimeter" , "Shape Factor" , "Centroid X" , "Centroid Y" , "Hole Count" , "Diameter" , "Orientation" , "Enclosure Left" , "Enclosure Top" , "Enclosure Right" , "Enclosure Bottom" , "Min Gray" , "Max Gray" , "Total Gray" , "Average Gray" , "Bin Classification" , "Diameter X1" , "Diameter Y1" , "Diameter X2" , "Diameter Y2" , "Weighted Centroid X" , "Weighted Centroid Y" , "Minimum Radius" , "Minimum Radius X" , "Minimum Radius Y" , "Maximum Radius" , "Maximum Radius X" , "Maximum Radius Y" , "Weighted Minimum Radius" , "Weighted Minimum Radius X" , "Weighted Minimum Radius Y" , "Weighted Maximum Radius" , "Weighted Maximum Radius X" , "Weighted Maximum Radius Y" , "Minor Axis Diameter" , "Minor Axis Diameter X1" , "Minor Axis Diameter Y1" , "Minor Axis Diameter X2" , "Minor Axis Diameter Y2" , "Equivalent Circle Diameter" , "Equivalent Sphere Volume" , "Thread Length" , "Thread Width" , "Elongation" , "Roundness"
1 , "microns" , 61.3632 , 64.113 , 0.187597 , 9.63095 , 6.64286 , 0 , 16.2618 , 169.61 , 1 , 0 , 18 , 13 , 17680 , 33936 , 2.15768e+06 , 25686.7 , "Default Bin" , 18 , 10 , 0 , 7 , 9.90953 , 6.60251 , 3.64551 , 7 , 10 , 8.11171 , 2 , 1 , 3.82313 , 7 , 10 , 8.28438 , 2 , 1 , 11.9963 , 9 , 13 , 11 , 0 , 8.83912 , 361.597 , 30.0119 , 2.04463 , 1.35557 , 5.33058
2 , "microns" , 114.691 , 34.8709 , 1.18525 , 1101.46 , 6.48408 , 0 , 13.7019 , 41.5513 , 1095 , 0 , 1108 , 13 , 20432 , 48128 , 5.77146e+06 , 36760.9 , "Default Bin" , 1096 , 11 , 1107 , 1 , 1101.42 , 6.56485 , 5.13673 , 1099 , 1 , 6.09265 , 1107 , 2 , 5.1421 , 1104 , 12 , 6.16155 , 1107 , 2 , 11.1439 , 823 , 0 , 831 , 0 , 12.0842 , 923.966 , 13.7019 , 13.7019 , 1.22954 , 0.843702
3 , "microns" , 32.8731 , 22.1363 , 0.843024 , 1200.44 , 9.06667 , 0 , 7.73965 , 12.2071 , 1197 , 6 , 1204 , 12 , 17440 , 40464 , 1.27598e+06 , 28355.2 , "Default Bin" , 1197 , 10 , 1205 , 8 , 1200.44 , 9.11447 , 2.53574 , 1200 , 12 , 3.26354 , 1198 , 12 , 2.49529 , 1200 , 12 , 3.232 , 1198 , 12 , 6.04365 , 1173 , 0 , 1174 , 0 , 6.46957 , 141.783 , 7.73965 , 7.73965 , 1.28062 , 1.18621
4 , "microns" , 194.317 , 53.2344 , 0.861658 , 93.5564 , 15.0263 , 0 , 17.9691 , 155.903 , 84 , 7 , 103 , 23 , 22480 , 62640 , 1.20478e+07 , 45292.3 , "Default Bin" , 102 , 20 , 84 , 12 , 93.8178 , 15.0918 , 6.34827 , 91 , 22 , 8.56763 , 84 , 12 , 6.31559 , 98 , 9 , 8.79752 , 84 , 12 , 14.555 , 88 , 21 , 95 , 6 , 15.7293 , 2037.65 , 17.9691 , 17.9691 , 1.23456 , 1.16055
5 , "microns" , 28.49 , 70.2425 , 0.0725609 , 1002.59 , 13.1026 , 0 , 12.849 , 23.182 , 996 , 7 , 1010 , 20 , 24768 , 33840 , 1.20003e+06 , 30770.1 , "Default Bin" , 996 , 15 , 1009 , 9 , 1002.62 , 13.1557 , 4.89072 , 1000 , 8 , 6.41205 , 1009 , 17 , 4.94266 , 1000 , 8 , 6.36709 , 998 , 19 , 11.9963 , 923 , 0 , 928 , 0 , 6.02284 , 114.394 , 34.2904 , 0.830845 , 1.07108 , 13.7815
6 , "microns" , 137.337 , 44.9807 , 0.852989 , 1145.66 , 13.6862 , 0 , 15.4083 , 150.1 , 1138 , 7 , 1153 , 21 , 18112 , 44368 , 6.49384e+06 , 34541.7 , "Default Bin" , 1153 , 17 , 1138 , 9 , 1145.59 , 13.7469 , 5.51459 , 1142 , 19 , 6.95992 , 1139 , 9 , 5.43619 , 1142 , 19 , 6.93875 , 1139 , 9 , 12.849 , 1140 , 18 , 1147 , 6 , 13.2236 , 1210.72 , 15.4083 , 15.4083 , 1.19919 , 1.17235
7 , "microns" , 43.8308 , 92.0856 , 0.0649541 , 1049.5 , 17.45 , 0 , 16.2618 , 123.47 , 1041 , 9 , 1057 , 26 , 24000 , 33888 , 1.79046e+06 , 29841.1 , "Default Bin" , 1054 , 25 , 1044 , 10 , 1049.48 , 17.6002 , 5.54914 , 1055 , 14 , 7.92398 , 1042 , 12 , 5.59615 , 1056 , 17 , 8.00844 , 1044 , 10 , 14.555 , 1041 , 19 , 1054 , 10 , 7.47042 , 218.29 , 45.0703 , 0.972499 , 1.11726 , 15.3955
8 , "microns" , 48.2139 , 26.7639 , 0.845833 , 971.152 , 21.0606 , 0 , 8.58964 , 63.8184 , 967 , 17 , 975 , 25 , 24144 , 52064 , 2.57445e+06 , 39006.8 , "Default Bin" , 968 , 24 , 972 , 16 , 971.184 , 21.0991 , 3.16277 , 968 , 23 , 3.83644 , 969 , 25 , 3.16935 , 968 , 23 , 3.83196 , 973 , 17 , 8.58964 , 968 , 18 , 976 , 22 , 7.83504 , 251.839 , 8.58964 , 8.58964 , 1 , 1.18227
9 , "microns" , 99.3499 , 37.9357 , 0.867522 , 1103.1 , 24.1324 , 0 , 11.9963 , 39.8063 , 1097 , 18 , 1109 , 30 , 19744 , 46448 , 4.8664e+06 , 35782.4 , "Default Bin" , 1098 , 28 , 1108 , 20 , 1103.06 , 24.1712 , 4.74058 , 1101 , 19 , 5.70713 , 1109 , 21 , 4.75631 , 1101 , 19 , 5.75819 , 1109 , 21 , 11.1439 , 1100 , 19 , 1108 , 28 , 11.2471 , 744.929 , 11.9963 , 11.9963 , 1.07649 , 1.15271
10 , "microns" , 100.08 , 38.4364 , 0.851283 , 1118.93 , 45.6423 , 0 , 11.1439 , 179.092 , 1113 , 40 , 1125 , 52 , 19600 , 46032 , 4.82186e+06 , 35196 , "Default Bin" , 1125 , 48 , 1113 , 48 , 1118.87 , 45.6886 , 4.82291 , 1119 , 40 , 5.78593 , 1114 , 41 , 4.81266 , 1117 , 51 , 5.77756 , 1114 , 41 , 11.1439 , 1120 , 52 , 1120 , 40 , 11.2883 , 753.16 , 11.1439 , 11.1439 , 1 , 1.1747
11 , "microns" , 92.0447 , 36.2263 , 0.881375 , 30.8651 , 51.2857 , 0 , 11.9963 , 14.3998 , 25 , 46 , 37 , 57 , 20176 , 60288 , 4.79752e+06 , 38075.6 , "Default Bin" , 25 , 54 , 38 , 51 , 31.0681 , 51.3132 , 4.42322 , 33 , 56 , 5.59563 , 37 , 49 , 4.33278 , 33 , 56 , 5.6721 , 25 , 54 , 11.1439 , 39 , 38 , 42 , 49 , 10.8257 , 664.297 , 11.9963 , 11.9963 , 1.07649 , 1.13459
12 , "microns" , 85.4701 , 35.0176 , 0.875895 , 1050.45 , 51.3846 , 0 , 11.1439 , 24.3361 , 1045 , 46 , 1056 , 57 , 22816 , 49392 , 4.40747e+06 , 37670.7 , "Default Bin" , 1045 , 54 , 1056 , 49 , 1050.43 , 51.4311 , 4.46731 , 1048 , 56 , 5.16902 , 1045 , 54 , 4.42167 , 1048 , 56 , 5.19697 , 1056 , 49 , 11.1439 , 974 , 0 , 979 , 0 , 10.4319 , 594.409 , 11.1439 , 11.1439 , 1 , 1.14169
13 , "microns" , 179.706 , 52.0257 , 0.834329 , 1155.74 , 58.7967 , 0 , 17.1154 , 32.1508 , 1147 , 51 , 1165 , 67 , 17632 , 42928 , 8.52762e+06 , 34665.1 , "Default Bin" , 1148 , 64 , 1164 , 54 , 1155.65 , 58.8415 , 6.24953 , 1157 , 66 , 8.16103 , 1164 , 54 , 6.22545 , 1157 , 66 , 8.246 , 1164 , 54 , 14.555 , 1003 , 0 , 1012 , 0 , 15.1264 , 1812.21 , 17.1154 , 17.1154 , 1.17591 , 1.19857
14 , "microns" , 198.7 , 60.7801 , 0.675903 , 90.011 , 72.8051 , 0 , 18.8228 , 136.221 , 81 , 61 , 100 , 81 , 9072 , 61136 , 1.12605e+07 , 41399.1 , "Default Bin" , 97 , 80 , 82 , 65 , 90.4361 , 73.4078 , 5.24481 , 92 , 67 , 10.6564 , 86 , 61 , 5.5355 , 94 , 68 , 11.2624 , 86 , 61 , 14.555 , 81 , 75 , 92 , 63 , 15.9057 , 2106.98 , 20.8686 , 9.52149 , 1.29322 , 1.4795
15 , "microns" , 83.2786 , 35.0176 , 0.853436 , 1075.37 , 67.5965 , 0 , 10.292 , 4.50753 , 1070 , 62 , 1081 , 73 , 22832 , 47520 , 4.1771e+06 , 36641.3 , "Default Bin" , 1070 , 65 , 1081 , 64 , 1075.33 , 67.6188 , 4.16878 , 1077 , 63 , 5.09689 , 1070 , 65 , 4.19659 , 1077 , 63 , 5.07884 , 1070 , 65 , 10.292 , 1076 , 0 , 1076 , 0 , 10.2973 , 571.694 , 10.292 , 10.292 , 1 , 1.17173
16 , "microns" , 146.103 , 46.1894 , 0.860564 , 15.225 , 75.115 , 0 , 13.7019 , 11.629 , 7 , 68 , 23 , 82 , 16096 , 58576 , 7.45317e+06 , 37265.8 , "Default Bin" , 8 , 79 , 23 , 76 , 15.4797 , 75.1406 , 5.88776 , 15 , 82 , 7.07049 , 7 , 76 , 5.84242 , 19 , 81 , 7.2847 , 7 , 76 , 12.849 , 26 , 64 , 29 , 78 , 13.6391 , 1328.47 , 13.7019 , 13.7019 , 1.06638 , 1.16203
17 , "microns" , 50.4055 , 26.7639 , 0.88428 , 1030 , 72 , 0 , 7.73965 , 0 , 1026 , 68 , 1034 , 76 , 23984 , 47488 , 2.51477e+06 , 36445.9 , "Default Bin" , 1026 , 70 , 1034 , 70 , 1030 , 72.054 , 3.4188 , 1030 , 68 , 3.82234 , 1028 , 68 , 3.37269 , 1030 , 76 , 3.86491 , 1032 , 68 , 7.73965 , 1028 , 68 , 1028 , 76 , 8.01113 , 269.203 , 7.73965 , 7.73965 , 1 , 1.13086
18 , "microns" , 176.054 , 50.3163 , 0.873852 , 1178.46 , 78.2448 , 0 , 16.2618 , 23.4767 , 1170 , 70 , 1187 , 86 , 18400 , 41024 , 7.95563e+06 , 33010.9 , "Default Bin" , 1170 , 81 , 1187 , 74 , 1178.35 , 78.265 , 6.31603 , 1177 , 71 , 7.81111 , 1187 , 75 , 6.31555 , 1177 , 71 , 7.90293 , 1187 , 75 , 14.555 , 1108 , 0 , 1115 , 0 , 14.9719 , 1757.24 , 16.2618 , 16.2618 , 1.11726 , 1.14436
19 , "microns" , 48.9444 , 26.7639 , 0.858649 , 66 , 88.1194 , 0 , 7.73965 , 0 , 62 , 84 , 70 , 92 , 24160 , 65520 , 2.72925e+06 , 40735 , "Default Bin" , 62 , 86 , 70 , 86 , 66.1258 , 88.1501 , 3.16709 , 64 , 85 , 3.86906 , 70 , 86 , 3.13292 , 68 , 85 , 3.97641 , 62 , 86 , 7.73965 , 65 , 84 , 65 , 92 , 7.89417 , 257.584 , 7.73965 , 7.73965 , 1 , 1.16462
20 , "microns" , 137.337 , 44.9807 , 0.852989 , 27.2287 , 95.9149 , 0 , 12.849 , 12.7436 , 20 , 89 , 35 , 103 , 16400 , 58848 , 7.05651e+06 , 37534.6 , "Default Bin" , 20 , 99 , 34 , 96 , 27.489 , 95.9214 , 5.71491 , 30 , 102 , 6.71755 , 20 , 99 , 5.62042 , 34 , 95 , 6.92059 , 20 , 99 , 12.849 , 44 , 81 , 47 , 95 , 13.2236 , 1210.72 , 12.849 , 12.849 , 1 , 1.17235
21 , "microns" , 152.677 , 46.6901 , 0.880106 , 1083.57 , 96.4163 , 0 , 14.555 , 161.783 , 1076 , 89 , 1091 , 104 , 21616 , 48000 , 8.0363e+06 , 38451.2 , "Default Bin" , 1091 , 100 , 1076 , 95 , 1083.52 , 96.4296 , 6.04046 , 1081 , 103 , 7.09795 , 1076 , 93 , 6.01579 , 1081 , 103 , 7.08122 , 1091 , 100 , 13.7019 , 1080 , 103 , 1085 , 89 , 13.9426 , 1419.14 , 14.555 , 14.555 , 1.06226 , 1.13623
22 , "microns" , 31.4121 , 74.162 , 0.0717701 , 172.512 , 100.023 , 0 , 12.849 , 50.8282 , 166 , 93 , 181 , 108 , 22400 , 33776 , 1.24048e+06 , 28848.4 , "Default Bin" , 168 , 105 , 177 , 94 , 172.65 , 99.923 , 4.20998 , 168 , 102 , 7.6882 , 181 , 103 , 4.35279 , 168 , 102 , 7.60591 , 181 , 103 , 13.7019 , 169 , 94 , 181 , 103 , 6.32417 , 132.437 , 36.2136 , 0.867412 , 0.937751 , 13.9334
23 , "microns" , 90.5837 , 36.0189 , 0.877402 , 1127.43 , 99.5726 , 0 , 11.9963 , 45 , 1122 , 94 , 1133 , 105 , 18160 , 44816 , 4.14477e+06 , 33425.5 , "Default Bin" , 1122 , 103 , 1131 , 94 , 1127.38 , 99.6082 , 4.65318 , 1127 , 105 , 5.52701 , 1132 , 95 , 4.60842 , 1122 , 100 , 5.57867 , 1132 , 95 , 11.1439 , 862 , 0 , 870 , 0 , 10.7394 , 648.543 , 11.9963 , 11.9963 , 1.07649 , 1.13973
24 , "microns" , 73.0514 , 33.1008 , 0.837841 , 1045.04 , 106.04 , 0 , 10.292 , 45 , 1040 , 101 , 1050 , 111 , 22784 , 48400 , 3.70038e+06 , 37003.8 , "Default Bin" , 1041 , 110 , 1049 , 102 , 1045.02 , 106.05 , 4.22565 , 1048 , 110 , 4.83516 , 1049 , 102 , 4.22715 , 1048 , 110 , 4.851 , 1049 , 102 , 10.292 , 809 , 0 , 817 , 0 , 9.64427 , 469.685 , 10.292 , 10.292 , 1 , 1.19354
25 , "microns" , 48.9444 , 27.4719 , 0.814958 , 1142.7 , 107.642 , 0 , 8.58964 , 4.33425 , 1138 , 104 , 1147 , 112 , 17744 , 41136 , 2.00846e+06 , 29977.1 , "Default Bin" , 1138 , 108 , 1147 , 107 , 1142.63 , 107.663 , 3.07736 , 1144 , 111 , 4.03002 , 1138 , 108 , 3.0844 , 1144 , 111 , 3.99834 , 1147 , 106 , 8.58964 , 1145 , 18 , 1145 , 27 , 7.89417 , 257.584 , 8.58964 , 8.58964 , 1 , 1.22706
26 , "microns" , 42.3698 , 24.8471 , 0.862414 , 941.397 , 110.397 , 0 , 7.73965 , 45 , 938 , 107 , 945 , 114 , 26656 , 51840 , 2.27336e+06 , 39195.9 , "Default Bin" , 938 , 113 , 944 , 107 , 941.405 , 110.424 , 2.92275 , 938 , 110 , 3.69882 , 945 , 108 , 2.93278 , 938 , 110 , 3.70596 , 945 , 108 , 7.73965 , 740 , 0 , 745 , 0 , 7.34486 , 207.467 , 7.73965 , 7.73965 , 1 , 1.15954
27 , "microns" , 44.5613 , 26.2632 , 0.811845 , 55.8033 , 112.885 , 0 , 7.73965 , 18.7612 , 52 , 109 , 60 , 117 , 23200 , 65488 , 2.36594e+06 , 38785.8 , "Default Bin" , 52 , 113 , 60 , 110 , 55.8913 , 112.9 , 2.85192 , 57 , 116 , 3.71938 , 52 , 115 , 2.81383 , 57 , 116 , 3.77926 , 52 , 115 , 7.73965 , 87 , 86 , 90 , 93 , 7.53241 , 223.77 , 7.73965 , 7.73965 , 1 , 1.23176
28 , "microns" , 31.4121 , 28.3266 , 0.491946 , 1206.02 , 116.977 , 0 , 11.1439 , 88.2153 , 1203 , 111 , 1208 , 123 , 18880 , 33936 , 1.18539e+06 , 27567.3 , "Default Bin" , 1208 , 123 , 1208 , 111 , 1206.12 , 116.827 , 0.02811 , 1206 , 117 , 5.41823 , 1208 , 123 , 0.179159 , 1206 , 117 , 5.51609 , 1208 , 123 , 5.19894 , 1204 , 115 , 1209 , 115 , 6.32417 , 132.437 , 11.4104 , 2.75294 , 2.1435 , 2.03274
29 , "microns" , 146.103 , 45.4814 , 0.887567 , 1069.63 , 119.06 , 0 , 15.4083 , 161.691 , 1062 , 112 , 1077 , 126 , 22608 , 48944 , 7.76064e+06 , 38803.2 , "Default Bin" , 1077 , 123 , 1061 , 118 , 1069.59 , 119.058 , 5.92443 , 1073 , 113 , 7.13902 , 1077 , 123 , 5.93345 , 1066 , 125 , 7.17368 , 1077 , 123 , 13.7019 , 1065 , 125 , 1070 , 111 , 13.6391 , 1328.47 , 15.4083 , 15.4083 , 1.12454 , 1.12668
30 , "microns" , 87.6617 , 35.5183 , 0.873205 , 1108.52 , 118.417 , 0 , 11.9963 , 34.936 , 1103 , 113 , 1114 , 124 , 19808 , 44752 , 4.14701e+06 , 34558.4 , "Default Bin" , 1103 , 121 , 1114 , 114 , 1108.47 , 118.416 , 4.45543 , 1111 , 123 , 5.379 , 1113 , 114 , 4.47401 , 1111 , 123 , 5.40602 , 1113 , 114 , 11.1439 , 971 , 0 , 978 , 0 , 10.5648 , 617.417 , 11.9963 , 11.9963 , 1.07649 , 1.14521
31 , "microns" , 41.6393 , 24.8471 , 0.847545 , 963.561 , 120.667 , 0 , 8.58964 , 34.2295 , 960 , 117 , 967 , 124 , 24288 , 48560 , 2.13784e+06 , 37506 , "Default Bin" , 960 , 123 , 967 , 118 , 963.563 , 120.68 , 2.87356 , 964 , 124 , 3.71918 , 967 , 118 , 2.86219 , 964 , 124 , 3.7251 , 967 , 118 , 7.73965 , 861 , 0 , 866 , 0 , 7.28126 , 202.124 , 8.58964 , 8.58964 , 1.10982 , 1.17988
32 , "microns" , 130.762 , 43.772 , 0.857628 , 1137.94 , 126.754 , 0 , 13.7019 , 154.002 , 1131 , 120 , 1145 , 134 , 18512 , 43680 , 6.09254e+06 , 34036.6 , "Default Bin" , 1143 , 132 , 1130 , 125 , 1137.86 , 126.75 , 5.56863 , 1141 , 121 , 6.50556 , 1132 , 122 , 5.57129 , 1134 , 132 , 6.53694 , 1145 , 124 , 12.849 , 1133 , 132 , 1139 , 119 , 12.9032 , 1124.83 , 13.7019 , 13.7019 , 1.06638 , 1.16601
33 , "microns" , 257.871 , 64.8211 , 0.771224 , 64.7875 , 136.147 , 0 , 23.9469 , 143.886 , 53 , 126 , 77 , 147 , 18624 , 59344 , 1.4593e+07 , 41339.8 , "Default Bin" , 73 , 146 , 51 , 130 , 65.122 , 136.188 , 5.82635 , 60 , 141 , 11.7822 , 53 , 129 , 5.83279 , 68 , 130 , 12.0452 , 53 , 129 , 13.7019 , 66 , 146 , 75 , 134 , 18.1199 , 3115.07 , 18.3822 , 14.0283 , 1.74771 , 1.29664
34 , "microns" , 44.5613 , 78.7037 , 0.0904021 , 1089.59 , 140.82 , 0 , 14.555 , 46.5821 , 1081 , 133 , 1096 , 148 , 21120 , 34000 , 1.78608e+06 , 29280 , "Default Bin" , 1082 , 145 , 1093 , 133 , 1089.5 , 140.779 , 4.6108 , 1093 , 145 , 7.57483 , 1081 , 143 , 4.68562 , 1093 , 145 , 7.51028 , 1081 , 143 , 11.9963 , 1087 , 134 , 1096 , 143 , 7.53241 , 223.77 , 38.1848 , 1.16699 , 1.21329 , 11.0617
35 , "microns" , 105.925 , 39.6451 , 0.84689 , 1117.17 , 138.855 , 0 , 11.9963 , 4.80005 , 1111 , 133 , 1124 , 145 , 19472 , 45952 , 4.97744e+06 , 34327.2 , "Default Bin" , 1111 , 136 , 1124 , 135 , 1117.12 , 138.831 , 5.00659 , 1117 , 133 , 5.88114 , 1124 , 138 , 4.98518 , 1117 , 133 , 5.91977 , 1124 , 138 , 11.9963 , 1121 , 39 , 1122 , 52 , 11.6132 , 820.084 , 11.9963 , 11.9963 , 1 , 1.18079
36 , "microns" , 99.3499 , 37.9357 , 0.867522 , 1036.84 , 140.919 , 0 , 11.9963 , 40.869 , 1031 , 135 , 1043 , 147 , 24512 , 49456 , 5.28466e+06 , 38857.8 , "Default Bin" , 1031 , 144 , 1041 , 135 , 1036.82 , 140.925 , 4.48835 , 1035 , 136 , 5.73559 , 1040 , 135 , 4.48699 , 1035 , 136 , 5.74804 , 1040 , 135 , 11.9963 , 1033 , 136 , 1042 , 146 , 11.2471 , 744.929 , 11.9963 , 11.9963 , 1 , 1.15271
37 , "microns" , 37.2562 , 85.0406 , 0.0647375 , 107.059 , 150.098 , 0 , 15.4083 , 52.4 , 100 , 142 , 117 , 158 , 25296 , 33984 , 1.5187e+06 , 29778.5 , "Default Bin" , 105 , 158 , 115 , 145 , 107.271 , 150.104 , 5.17916 , 101 , 150 , 8.54841 , 117 , 149 , 5.36043 , 101 , 150 , 8.36887 , 117 , 149 , 14.555 , 104 , 143 , 117 , 153 , 6.88738 , 171.065 , 41.6253 , 0.895038 , 1.05863 , 15.447
38 , "microns" , 56.2496 , 29.1813 , 0.830079 , 1019.65 , 146.818 , 0 , 8.58964 , 157.438 , 1015 , 142 , 1024 , 151 , 23504 , 49488 , 2.88038e+06 , 37407.6 , "Default Bin" , 1023 , 150 , 1015 , 147 , 1019.64 , 146.788 , 3.46157 , 1021 , 143 , 4.1599 , 1024 , 149 , 3.43921 , 1021 , 143 , 4.17599 , 1024 , 149 , 8.58964 , 1016 , 150 , 1019 , 142 , 8.46281 , 317.353 , 8.58964 , 8.58964 , 1 , 1.20471
39 , "microns" , 51.136 , 27.4719 , 0.851449 , 1194.4 , 147.171 , 0 , 8.58964 , 13.3379 , 1190 , 143 , 1199 , 151 , 12736 , 35648 , 1.85832e+06 , 26547.4 , "Default Bin" , 1190 , 147 , 1199 , 145 , 1194.34 , 147.128 , 3.28374 , 1197 , 150 , 4.07251 , 1190 , 149 , 3.32193 , 1194 , 151 , 4.09986 , 1199 , 146 , 7.73965 , 1194 , 0 , 1196 , 0 , 8.06897 , 275.077 , 8.58964 , 8.58964 , 1.10982 , 1.17447
40 , "microns" , 146.833 , 45.9821 , 0.872685 , 1138.17 , 158.955 , 0 , 14.555 , 167.316 , 1131 , 152 , 1146 , 166 , 17008 , 44176 , 6.86274e+06 , 34143 , "Default Bin" , 1146 , 161 , 1130 , 157 , 1138.09 , 158.941 , 5.9465 , 1138 , 152 , 7.00187 , 1131 , 155 , 5.93255 , 1138 , 152 , 6.98622 , 1146 , 161 , 13.7019 , 1133 , 165 , 1136 , 150 , 13.6731 , 1338.44 , 14.555 , 14.555 , 1.06226 , 1.14589
41 , "microns" , 84.0091 , 35.0176 , 0.860922 , 1099.45 , 165.522 , 0 , 11.1439 , 169.437 , 1094 , 160 , 1105 , 171 , 19392 , 44944 , 3.87717e+06 , 33714.5 , "Default Bin" , 1105 , 168 , 1093 , 166 , 1099.41 , 165.499 , 4.36383 , 1097 , 170 , 5.19333 , 1105 , 168 , 4.36168 , 1097 , 161 , 5.23569 , 1105 , 168 , 10.292 , 1096 , 170 , 1098 , 159 , 10.3423 , 579.233 , 11.1439 , 11.1439 , 1.08278 , 1.16155
42 , "microns" , 142.45 , 39.1444 , 1.16824 , 7.46667 , 176.026 , 0 , 14.555 , 25.0141 , 0 , 169 , 15 , 183 , 13552 , 54192 , 6.55109e+06 , 33595.3 , "Default Bin" , 2 , 182 , 16 , 175 , 7.78381 , 175.99 , 5.54639 , 10 , 182 , 6.99217 , 13 , 170 , 5.47458 , 10 , 182 , 7.20775 , 1 , 181 , 12.849 , 77 , 151 , 83 , 163 , 13.4675 , 1278.96 , 14.555 , 14.555 , 1.13278 , 0.855987
43 , "microns" , 194.317 , 55.1512 , 0.802804 , 1052.47 , 177.977 , 0 , 20.5306 , 137.009 , 1043 , 169 , 1062 , 187 , 24240 , 49264 , 1.05774e+07 , 39764.6 , "Default Bin" , 1059 , 187 , 1042 , 171 , 1052.41 , 177.895 , 5.14206 , 1048 , 182 , 10.0563 , 1043 , 171 , 5.14671 , 1048 , 182 , 9.96812 , 1043 , 171 , 12.849 , 1049 , 184 , 1059 , 174 , 15.7293 , 2037.65 , 20.5306 , 20.5306 , 1.59784 , 1.24563
44 , "microns" , 116.882 , 41.5619 , 0.850291 , 86.8125 , 176.312 , 0 , 11.9963 , 27.8447 , 80 , 170 , 94 , 183 , 17504 , 58864 , 6.38122e+06 , 39882.6 , "Default Bin" , 82 , 181 , 93 , 175 , 87.0525 , 176.298 , 5.20827 , 89 , 182 , 6.38215 , 81 , 181 , 5.14974 , 89 , 182 , 6.55061 , 81 , 181 , 11.9963 , 154 , 111 , 160 , 123 , 12.1991 , 950.575 , 11.9963 , 11.9963 , 1 , 1.17607
45 , "microns" , 52.597 , 27.9726 , 0.844706 , 39.5694 , 175.097 , 0 , 9.44048 , 24.8394 , 35 , 171 , 44 , 179 , 19552 , 60304 , 2.55392e+06 , 35471.1 , "Default Bin" , 36 , 178 , 45 , 174 , 39.7011 , 175.114 , 2.96766 , 38 , 172 , 4.23059 , 35 , 177 , 3.0328 , 38 , 172 , 4.3293 , 35 , 177 , 7.73965 , 107 , 139 , 111 , 146 , 8.18343 , 286.949 , 9.44048 , 9.44048 , 1.21976 , 1.18384
46 , "microns" , 45.2919 , 93.2943 , 0.0653912 , 149.984 , 182.968 , 0 , 18.8228 , 173.873 , 141 , 175 , 161 , 191 , 23280 , 34000 , 1.82102e+06 , 29371.4 , "Default Bin" , 161 , 187 , 140 , 185 , 150.164 , 182.832 , 5.4793 , 145 , 187 , 10.0264 , 161 , 187 , 5.67158 , 145 , 187 , 9.92303 , 161 , 187 , 14.555 , 156 , 191 , 158 , 175 , 7.5939 , 229.295 , 45.6551 , 0.992043 , 1.29322 , 15.2926
47 , "microns" , 96.4278 , 37.435 , 0.86468 , 1106.11 , 181.689 , 0 , 11.9963 , 20.9769 , 1100 , 176 , 1112 , 188 , 19952 , 45168 , 4.4713e+06 , 33873.5 , "Default Bin" , 1100 , 182 , 1112 , 177 , 1106.07 , 181.657 , 4.7961 , 1101 , 184 , 5.53132 , 1112 , 179 , 4.76754 , 1103 , 177 , 5.55365 , 1112 , 179 , 11.1439 , 1094 , 0 , 1098 , 0 , 11.0804 , 712.307 , 11.9963 , 11.9963 , 1.07649 , 1.1565
48 , "microns" , 103.002 , 38.6438 , 0.866759 , 1141.35 , 182.106 , 0 , 12.849 , 17.7375 , 1135 , 176 , 1148 , 188 , 17776 , 42304 , 4.51819e+06 , 32043.9 , "Default Bin" , 1135 , 184 , 1148 , 180 , 1141.28 , 182.063 , 4.80608 , 1139 , 177 , 5.758 , 1148 , 181 , 4.74488 , 1139 , 177 , 5.81718 , 1148 , 181 , 11.9963 , 1139 , 0 , 1143 , 0 , 11.4519 , 786.385 , 12.849 , 12.849 , 1.07108 , 1.15372
49 , "microns" , 49.6749 , 88.4594 , 0.0797736 , 111.25 , 187.25 , 0 , 14.555 , 36.1369 , 104 , 179 , 120 , 196 , 19488 , 34000 , 1.90059e+06 , 27949.9 , "Default Bin" , 108 , 194 , 121 , 185 , 111.401 , 187.18 , 4.49226 , 106 , 187 , 8.13651 , 120 , 191 , 4.6192 , 106 , 187 , 8.04192 , 120 , 191 , 15.4083 , 194 , 80 , 204 , 94 , 7.95287 , 263.372 , 43.0765 , 1.15318 , 0.94462 , 12.5355
50 , "microns" , 35.7952 , 23.3451 , 0.825362 , 1016.57 , 184.673 , 0 , 7.73965 , 23.1116 , 1013 , 181 , 1020 , 188 , 22544 , 44640 , 1.65765e+06 , 33829.6 , "Default Bin" , 1013 , 186 , 1020 , 183 , 1016.57 , 184.646 , 2.59078 , 1018 , 182 , 3.26084 , 1020 , 183 , 2.5694 , 1018 , 182 , 3.26533 , 1013 , 186 , 6.89082 , 1006 , 0 , 1008 , 0 , 6.75099 , 161.102 , 7.73965 , 7.73965 , 1.12318 , 1.21159
51 , "microns" , 70.8598 , 31.5988 , 0.891804 , 1073 , 187 , 0 , 9.44048 , 0 , 1068 , 182 , 1078 , 192 , 19888 , 45808 , 3.27491e+06 , 33762 , "Default Bin" , 1068 , 185 , 1078 , 185 , 1072.96 , 186.976 , 4.27351 , 1073 , 182 , 4.60271 , 1071 , 182 , 4.23079 , 1069 , 184 , 4.64572 , 1078 , 189 , 9.44048 , 1071 , 182 , 1071 , 192 , 9.4985 , 448.708 , 9.44048 , 9.44048 , 1 , 1.12132
52 , "microns" , 121.996 , 42.0626 , 0.866489 , 13.8144 , 202.036 , 0 , 12.849 , 15.4864 , 7 , 196 , 21 , 209 , 13024 , 56176 , 5.47774e+06 , 32800.9 , "Default Bin" , 8 , 206 , 21 , 202 , 14.0943 , 202.022 , 5.0413 , 17 , 207 , 6.38332 , 21 , 200 , 4.92648 , 17 , 207 , 6.59071 , 7 , 199 , 12.849 , 63 , 186 , 67 , 199 , 12.4631 , 1013.63 , 12.849 , 12.849 , 1 , 1.15408
53 , "microns" , 129.301 , 43.2713 , 0.867784 , 1162.46 , 211.418 , 0 , 14.555 , 1.51978 , 1155 , 205 , 1170 , 218 , 14768 , 41024 , 5.49664e+06 , 31054.5 , "Default Bin" , 1155 , 211 , 1171 , 211 , 1162.36 , 211.364 , 5.49947 , 1162 , 205 , 6.55942 , 1170 , 210 , 5.44828 , 1162 , 205 , 6.63222 , 1170 , 210 , 11.9963 , 1164 , 174 , 1164 , 187 , 12.8309 , 1106.03 , 14.555 , 14.555 , 1.21329 , 1.15236
54 , "microns" , 89.1227 , 36.727 , 0.830286 , 30.3607 , 214.279 , 0 , 11.9963 , 32.6413 , 24 , 209 , 36 , 220 , 15840 , 55376 , 4.1081e+06 , 33672.9 , "Default Bin" , 26 , 219 , 37 , 212 , 30.581 , 214.29 , 4.27164 , 32 , 219 , 5.57538 , 36 , 211 , 4.20434 , 32 , 219 , 5.65742 , 24 , 215 , 10.292 , 136 , 161 , 142 , 170 , 10.6524 , 632.916 , 11.9963 , 11.9963 , 1.1656 , 1.2044
55 , "microns" , 92.0447 , 37.435 , 0.825377 , 58.881 , 214.968 , 0 , 11.9963 , 26.49 , 53 , 209 , 65 , 221 , 20848 , 56784 , 4.77794e+06 , 37920.1 , "Default Bin" , 54 , 219 , 66 , 213 , 59.0679 , 214.955 , 4.31261 , 58 , 210 , 5.65507 , 53 , 218 , 4.26977 , 62 , 219 , 5.80245 , 53 , 218 , 11.1439 , 56 , 210 , 61 , 221 , 10.8257 , 664.297 , 11.9963 , 11.9963 , 1.07649 , 1.21157
56 , "microns" , 46.7529 , 79.9124 , 0.0920005 , 135.969 , 218.844 , 0 , 16.2618 , 178.478 , 128 , 213 , 146 , 224 , 20176 , 33968 , 1.82138e+06 , 28459 , "Default Bin" , 146 , 223 , 128 , 223 , 135.981 , 218.823 , 1.74124 , 138 , 219 , 9.28051 , 146 , 223 , 1.73222 , 138 , 219 , 9.27767 , 146 , 223 , 10.292 , 133 , 224 , 133 , 213 , 7.71541 , 240.479 , 38.7497 , 1.20654 , 1.58005 , 10.8695
57 , "microns" , 208.927 , 54.9438 , 0.869694 , 1105.26 , 221.745 , 0 , 17.1154 , 134.238 , 1096 , 213 , 1114 , 231 , 19872 , 44336 , 1.03292e+07 , 36116.3 , "Default Bin" , 1110 , 230 , 1097 , 216 , 1105.18 , 221.647 , 7.19195 , 1101 , 229 , 8.25673 , 1096 , 219 , 7.20008 , 1100 , 215 , 8.3507 , 1108 , 231 , 16.2618 , 1097 , 225 , 1110 , 212 , 16.3099 , 2271.72 , 17.1154 , 17.1154 , 1.05249 , 1.14983
58 , "microns" , 160.713 , 49.1076 , 0.83746 , 1008.64 , 221.623 , 0 , 15.4083 , 18.8333 , 1000 , 214 , 1017 , 229 , 24976 , 51232 , 8.99702e+06 , 40895.6 , "Default Bin" , 1000 , 222 , 1016 , 217 , 1008.6 , 221.56 , 6.09246 , 1006 , 215 , 7.43112 , 1016 , 217 , 6.03236 , 1006 , 215 , 7.42563 , 1016 , 217 , 14.555 , 1022 , 0 , 1027 , 0 , 14.3048 , 1532.64 , 15.4083 , 15.4083 , 1.05863 , 1.19409
59 , "microns" , 47.4834 , 26.7639 , 0.833018 , 1133.71 , 219.338 , 0 , 8.58964 , 14.2063 , 1130 , 215 , 1138 , 223 , 15344 , 38672 , 1.86821e+06 , 28741.7 , "Default Bin" , 1130 , 222 , 1139 , 220 , 1133.66 , 219.279 , 3.05971 , 1135 , 216 , 3.90092 , 1130 , 222 , 3.026 , 1135 , 216 , 3.91166 , 1131 , 223 , 7.73965 , 1151 , 0 , 1153 , 0 , 7.77546 , 246.137 , 8.58964 , 8.58964 , 1.10982 , 1.20045
60 , "microns" , 43.1003 , 24.7004 , 0.887731 , 1205.76 , 221.61 , 0 , 10.292 , 89.5491 , 1203 , 216 , 1208 , 227 , 17648 , 33760 , 1.61368e+06 , 27350.5 , "Default Bin" , 1208 , 227 , 1208 , 216 , 1205.9 , 221.495 , 1.17911 , 1207 , 221 , 5.16224 , 1208 , 216 , 1.03161 , 1207 , 221 , 5.03589 , 1208 , 227 , 5.19894 , 1203 , 219 , 1208 , 219 , 7.4079 , 212.855 , 10.292 , 10.292 , 1.97963 , 1.12647
61 , "microns" , 71.5904 , 32.6001 , 0.846498 , 18.3878 , 226.51 , 0 , 11.1439 , 20.0654 , 13 , 222 , 24 , 231 , 16400 , 57184 , 3.19944e+06 , 32647.3 , "Default Bin" , 13 , 229 , 24 , 225 , 18.5546 , 226.506 , 3.6285 , 16 , 223 , 5.07285 , 13 , 229 , 3.64526 , 21 , 230 , 5.20423 , 13 , 229 , 8.58964 , 92 , 203 , 95 , 211 , 9.54734 , 455.665 , 11.1439 , 11.1439 , 1.29737 , 1.18134
62 , "microns" , 217.693 , 56.1526 , 0.867592 , 87.2349 , 231.265 , 0 , 17.1154 , 37.3387 , 78 , 222 , 97 , 240 , 18208 , 57856 , 1.19203e+07 , 40001 , "Default Bin" , 81 , 239 , 96 , 227 , 87.5834 , 231.229 , 7.29978 , 79 , 229 , 8.57698 , 79 , 237 , 7.25586 , 91 , 239 , 8.84043 , 79 , 237 , 17.1154 , 83 , 223 , 95 , 238 , 16.6486 , 2416.19 , 17.1154 , 17.1154 , 1 , 1.15262
63 , "microns" , 100.811 , 37.9357 , 0.88028 , 1090.83 , 233.196 , 0 , 11.9963 , 143.245 , 1085 , 227 , 1097 , 239 , 20416 , 44864 , 4.78486e+06 , 34672.9 , "Default Bin" , 1094 , 239 , 1084 , 231 , 1090.79 , 233.123 , 4.81139 , 1093 , 228 , 5.68488 , 1085 , 230 , 4.76857 , 1093 , 228 , 5.72413 , 1094 , 239 , 11.1439 , 1086 , 237 , 1093 , 227 , 11.3294 , 761.421 , 11.9963 , 11.9963 , 1.07649 , 1.136
64 , "microns" , 40.1783 , 81.4144 , 0.0761726 , 181.055 , 235.255 , 0 , 15.4083 , 48.1752 , 174 , 228 , 190 , 243 , 23440 , 33472 , 1.61254e+06 , 29319 , "Default Bin" , 177 , 242 , 188 , 229 , 181.222 , 235.204 , 5.1382 , 176 , 232 , 8.13598 , 190 , 232 , 5.23132 , 178 , 230 , 7.98635 , 190 , 232 , 13.7019 , 178 , 229 , 189 , 239 , 7.15238 , 191.58 , 39.695 , 1.01217 , 1.12454 , 13.1281
65 , "microns" , 51.8665 , 28.4733 , 0.803937 , 1179.83 , 235.676 , 0 , 8.58964 , 170.59 , 1175 , 232 , 1184 , 240 , 14528 , 34944 , 1.87288e+06 , 26378.6 , "Default Bin" , 1183 , 239 , 1174 , 238 , 1179.74 , 235.637 , 2.92841 , 1179 , 239 , 4.23417 , 1184 , 233 , 2.94258 , 1179 , 239 , 4.28494 , 1184 , 233 , 7.73965 , 1181 , 240 , 1182 , 232 , 8.1264 , 280.992 , 8.58964 , 8.58964 , 1.10982 , 1.24388
66 , "microns" , 95.6973 , 37.435 , 0.85813 , 1042.45 , 240.511 , 0 , 11.9963 , 25.383 , 1036 , 235 , 1049 , 246 , 22768 , 47072 , 4.82717e+06 , 36848.6 , "Default Bin" , 1036 , 241 , 1048 , 235 , 1042.45 , 240.462 , 4.70684 , 1042 , 246 , 5.65804 , 1036 , 242 , 4.68382 , 1042 , 235 , 5.66761 , 1036 , 242 , 11.1439 , 1040 , 0 , 1045 , 0 , 11.0384 , 704.228 , 11.9963 , 11.9963 , 1.07649 , 1.16532
67 , "microns" , 176.054 , 50.9636 , 0.851795 , 1199.41 , 244.552 , 0 , 19.6767 , 149.123 , 1190 , 237 , 1208 , 253 , 18224 , 36432 , 6.98683e+06 , 28991 , "Default Bin" , 1208 , 253 , 1189 , 242 , 1199.43 , 244.498 , 5.49566 , 1196 , 250 , 10.2946 , 1208 , 253 , 5.48125 , 1204 , 240 , 10.319 , 1208 , 253 , 12.849 , 1192 , 248 , 1199 , 236 , 14.9719 , 1757.24 , 19.6767 , 19.6767 , 1.53138 , 1.17399
68 , "microns" , 99.3499 , 38.6438 , 0.836023 , 982.353 , 243.919 , 0 , 11.9963 , 111.016 , 976 , 238 , 989 , 250 , 24944 , 50464 , 5.43128e+06 , 39935.9 , "Default Bin" , 984 , 250 , 979 , 238 , 982.374 , 243.845 , 4.86031 , 977 , 242 , 5.68167 , 989 , 244 , 4.85652 , 977 , 242 , 5.66455 , 989 , 244 , 11.1439 , 976 , 243 , 987 , 239 , 11.2471 , 744.929 , 11.9963 , 11.9963 , 1.07649 , 1.19614
69 , "microns" , 132.223 , 44.48 , 0.839821 , 1131.31 , 250.884 , 0 , 13.7019 , 44.8391 , 1124 , 244 , 1139 , 258 , 17888 , 41792 , 5.86299e+06 , 32392.2 , "Default Bin" , 1125 , 255 , 1136 , 244 , 1131.24 , 250.811 , 5.54106 , 1137 , 254 , 6.67373 , 1135 , 244 , 5.48232 , 1127 , 246 , 6.66617 , 1139 , 250 , 12.849 , 1126 , 246 , 1136 , 256 , 12.975 , 1143.73 , 13.7019 , 13.7019 , 1.06638 , 1.19073
70 , "microns" , 88.3922 , 36.2263 , 0.8464 , 23 , 254.372 , 0 , 11.1439 , 28.8158 , 17 , 249 , 29 , 260 , 16880 , 53664 , 3.96214e+06 , 32745 , "Default Bin" , 19 , 259 , 30 , 253 , 23.1748 , 254.367 , 4.02374 , 26 , 258 , 5.72441 , 27 , 249 , 3.93335 , 26 , 258 , 5.73733 , 17 , 257 , 10.292 , 139 , 208 , 145 , 217 , 10.6087 , 625.15 , 11.1439 , 11.1439 , 1.08278 , 1.18148
71 , "microns" , 167.288 , 50.3163 , 0.830341 , 40.7074 , 262.266 , 0 , 16.2618 , 15.953 , 32 , 255 , 50 , 270 , 16672 , 53040 , 8.03574e+06 , 35090.6 , "Default Bin" , 33 , 267 , 50 , 262 , 41.013 , 262.22 , 5.86031 , 42 , 269 , 8.01579 , 50 , 261 , 5.85572 , 42 , 269 , 7.97456 , 33 , 267 , 13.7019 , 107 , 235 , 111 , 249 , 14.5944 , 1627.64 , 16.2618 , 16.2618 , 1.18683 , 1.20432
72 , "microns" , 103.733 , 39.6451 , 0.829368 , 1074.8 , 260.782 , 0 , 11.9963 , 168.808 , 1068 , 255 , 1081 , 267 , 18976 , 44992 , 4.88934e+06 , 34432 , "Default Bin" , 1081 , 263 , 1068 , 260 , 1074.74 , 260.679 , 4.51257 , 1074 , 266 , 5.90688 , 1068 , 262 , 4.59115 , 1074 , 266 , 5.86811 , 1068 , 262 , 11.1439 , 1076 , 267 , 1078 , 255 , 11.4925 , 794.765 , 11.9963 , 11.9963 , 1.07649 , 1.20574
73 , "microns" , 4147.13 , 727.516 , 0.0984629 , 1182.94 , 351.519 , 0 , 135.9 , 73.5439 , 1129 , 256 , 1208 , 402 , 8416 , 38160 , 1.75669e+08 , 30944 , "Default Bin" , 1138 , 402 , 1183 , 250 , 1182.55 , 350.381 , 11.5022 , 1178 , 339 , 83.789 , 1205 , 256 , 10.4751 , 1178 , 339 , 82.9184 , 1205 , 256 , 68.3814 , 1129 , 392 , 1205 , 414 , 72.6656 , 200902 , 351.975 , 11.7824 , 1.98738 , 10.1561
74 , "microns" , 36.5257 , 69.2412 , 0.0957368 , 1014.46 , 266.24 , 0 , 11.9963 , 6.03901 , 1008 , 259 , 1021 , 272 , 22192 , 33952 , 1.42634e+06 , 28526.7 , "Default Bin" , 1008 , 263 , 1021 , 262 , 1014.33 , 266.033 , 4.276 , 1016 , 271 , 6.32647 , 1016 , 259 , 4.47786 , 1016 , 271 , 6.2603 , 1021 , 263 , 11.9963 , 1038 , 151 , 1039 , 164 , 6.81953 , 166.059 , 33.5313 , 1.0893 , 1 , 10.4453
75 , "microns" , 63.5547 , 30.8907 , 0.836954 , 151.954 , 269.379 , 0 , 9.44048 , 26.9435 , 147 , 265 , 157 , 274 , 22176 , 61792 , 3.51994e+06 , 40459 , "Default Bin" , 147 , 270 , 156 , 265 , 152.12 , 269.353 , 3.55451 , 154 , 273 , 4.58232 , 148 , 273 , 3.50736 , 154 , 273 , 4.70278 , 148 , 273 , 8.58964 , 254 , 168 , 258 , 176 , 8.99557 , 381.141 , 9.44048 , 9.44048 , 1.09905 , 1.19481
76 , "microns" , 196.508 , 53.2344 , 0.871376 , 115.115 , 274.61 , 0 , 17.1154 , 15.5964 , 106 , 266 , 124 , 283 , 18128 , 57216 , 1.08083e+07 , 40179.4 , "Default Bin" , 106 , 276 , 124 , 271 , 115.416 , 274.555 , 7.02789 , 112 , 267 , 8.05423 , 106 , 277 , 7.06227 , 119 , 282 , 8.31504 , 106 , 277 , 16.2618 , 180 , 226 , 185 , 243 , 15.8178 , 2072.22 , 17.1154 , 17.1154 , 1.05249 , 1.14761
77 , "microns" , 136.606 , 44.9807 , 0.848452 , 1050.5 , 272.898 , 0 , 14.555 , 146.986 , 1043 , 266 , 1058 , 280 , 20960 , 45744 , 6.89187e+06 , 36854.9 , "Default Bin" , 1057 , 278 , 1044 , 269 , 1050.46 , 272.793 , 5.28656 , 1047 , 278 , 7.06415 , 1057 , 278 , 5.34281 , 1047 , 278 , 7.14631 , 1057 , 278 , 12.849 , 1046 , 278 , 1054 , 266 , 13.1883 , 1201.07 , 14.555 , 14.555 , 1.13278 , 1.17862
78 , "microns" , 27.7595 , 66.1157 , 0.0798018 , 971.132 , 275.868 , 0 , 12.849 , 1.1766 , 964 , 268 , 978 , 281 , 26528 , 33328 , 1.13902e+06 , 29974.3 , "Default Bin" , 964 , 273 , 978 , 273 , 971.048 , 275.841 , 4.38741 , 971 , 281 , 7.15808 , 974 , 268 , 4.38823 , 967 , 279 , 7.16124 , 974 , 268 , 11.9963 , 978 , 248 , 979 , 261 , 5.94513 , 110.023 , 32.1956 , 0.862214 , 1.07108 , 12.531
79 , "microns" , 3990.8 , 509.561 , 0.193142 , 26.0383 , 356.067 , 0 , 129.917 , 108.797 , 0 , 269 , 78 , 402 , 9120 , 49040 , 1.67925e+08 , 30738.6 , "Default Bin" , 78 , 402 , 29 , 259 , 26.7113 , 355.516 , 16.349 , 39 , 342 , 77.6729 , 0 , 269 , 15.6131 , 39 , 342 , 77.3895 , 0 , 269 , 65.8175 , 0 , 402 , 72 , 378 , 71.2828 , 189650 , 238.013 , 16.7671 , 1.9739 , 5.17753
80 , "microns" , 179.706 , 51.3176 , 0.857512 , 46.252 , 282.061 , 0 , 16.2618 , 36.9448 , 38 , 274 , 55 , 290 , 10768 , 53424 , 8.0348e+06 , 32661.8 , "Default Bin" , 41 , 290 , 55 , 279 , 46.5932 , 281.953 , 6.37193 , 40 , 278 , 8.13593 , 41 , 290 , 6.32142 , 52 , 287 , 8.37568 , 41 , 290 , 14.555 , 200 , 193 , 209 , 205 , 15.1264 , 1812.21 , 16.2618 , 16.2618 , 1.11726 , 1.16616
81 , "microns" , 50.4055 , 26.7639 , 0.88428 , 996 , 278 , 0 , 7.73965 , 0 , 992 , 274 , 1000 , 282 , 24944 , 47040 , 2.41621e+06 , 35017.5 , "Default Bin" , 992 , 276 , 1000 , 276 , 996 , 277.934 , 3.4188 , 996 , 274 , 3.82234 , 994 , 274 , 3.36261 , 996 , 274 , 3.87268 , 998 , 282 , 7.73965 , 994 , 274 , 994 , 282 , 8.01113 , 269.203 , 7.73965 , 7.73965 , 1 , 1.13086
82 , "microns" , 49.6749 , 93.0869 , 0.0720394 , 185.25 , 288.794 , 0 , 17.9691 , 116.238 , 177 , 280 , 195 , 298 , 21120 , 33968 , 1.95482e+06 , 28747.3 , "Default Bin" , 191 , 298 , 182 , 280 , 185.513 , 288.634 , 4.54295 , 182 , 293 , 9.44681 , 195 , 294 , 4.78925 , 182 , 293 , 9.31565 , 195 , 294 , 14.555 , 178 , 289 , 192 , 282 , 7.95287 , 263.372 , 45.4505 , 1.09295 , 1.23456 , 13.8813
83 , "microns" , 100.08 , 37.9357 , 0.873901 , 1021.81 , 286.153 , 0 , 11.9963 , 153.509 , 1016 , 280 , 1028 , 292 , 22400 , 46864 , 4.97176e+06 , 36290.2 , "Default Bin" , 1026 , 291 , 1014 , 285 , 1021.78 , 286.06 , 4.78568 , 1024 , 281 , 5.6502 , 1016 , 283 , 4.72089 , 1024 , 281 , 5.60735 , 1019 , 292 , 11.1439 , 1018 , 291 , 1023 , 280 , 11.2883 , 753.16 , 11.9963 , 11.9963 , 1.07649 , 1.14429
84 , "microns" , 100.08 , 38.9371 , 0.829531 , 73.9124 , 285.693 , 0 , 13.7019 , 9.81229 , 67 , 281 , 81 , 291 , 14528 , 54560 , 4.65472e+06 , 33976.1 , "Default Bin" , 67 , 288 , 82 , 285 , 74.2094 , 285.615 , 3.79639 , 75 , 290 , 6.48044 , 81 , 283 , 3.8084 , 75 , 290 , 6.49719 , 68 , 290 , 10.292 , 117 , 265 , 119 , 276 , 11.2883 , 753.16 , 13.7019 , 13.7019 , 1.33132 , 1.2055
85 , "microns" , 138.067 , 44.9807 , 0.857527 , 1060.52 , 290.032 , 0 , 13.7019 , 8.07248 , 1053 , 283 , 1068 , 297 , 20848 , 44784 , 6.71766e+06 , 35543.2 , "Default Bin" , 1053 , 289 , 1068 , 287 , 1060.48 , 289.939 , 5.52269 , 1063 , 296 , 6.66095 , 1053 , 288 , 5.50064 , 1058 , 284 , 6.66552 , 1068 , 292 , 13.7019 , 1088 , 131 , 1090 , 146 , 13.2587 , 1220.39 , 13.7019 , 13.7019 , 1 , 1.16614
86 , "microns" , 246.183 , 83.4171 , 0.444588 , 1098.62 , 300.682 , 0 , 33.3443 , 103.978 , 1090 , 283 , 1106 , 320 , 16928 , 42000 , 1.10362e+07 , 32748.5 , "Default Bin" , 1101 , 320 , 1092 , 283 , 1098.55 , 300.402 , 1.41111 , 1097 , 301 , 16.6355 , 1101 , 320 , 1.3696 , 1097 , 300 , 16.881 , 1101 , 320 , 10.292 , 1090 , 289 , 1101 , 286 , 17.7045 , 2905.7 , 34.5917 , 7.11682 , 3.23984 , 2.24927
87 , "microns" , 42.3698 , 25.0545 , 0.848196 , 870.448 , 295 , 0 , 7.73965 , 90 , 867 , 291 , 874 , 299 , 25280 , 50384 , 2.18517e+06 , 37675.3 , "Default Bin" , 869 , 299 , 869 , 291 , 870.468 , 294.916 , 2.8868 , 872 , 292 , 3.636 , 869 , 291 , 2.81577 , 872 , 292 , 3.70883 , 869 , 299 , 6.89082 , 867 , 293 , 874 , 293 , 7.34486 , 207.467 , 7.73965 , 7.73965 , 1.12318 , 1.17897
88 , "microns" , 207.466 , 54.9438 , 0.863612 , 1183.8 , 299.493 , 0 , 17.1154 , 172.242 , 1174 , 291 , 1193 , 308 , 12528 , 35440 , 8.18571e+06 , 28822.9 , "Default Bin" , 1192 , 304 , 1173 , 301 , 1183.67 , 299.32 , 7.18046 , 1180 , 292 , 8.47394 , 1174 , 301 , 6.99855 , 1180 , 292 , 8.57202 , 1193 , 303 , 15.4083 , 1186 , 308 , 1188 , 291 , 16.2528 , 2247.94 , 17.1154 , 17.1154 , 1.11079 , 1.15793
89 , "microns" , 53.3275 , 27.9726 , 0.856438 , 111.452 , 306.959 , 0 , 9.44048 , 25.4248 , 107 , 303 , 116 , 311 , 17712 , 58096 , 2.56867e+06 , 35187.3 , "Default Bin" , 107 , 309 , 116 , 305 , 111.626 , 306.938 , 3.28451 , 109 , 304 , 4.23238 , 116 , 305 , 3.31164 , 114 , 310 , 4.32896 , 107 , 309 , 8.58964 , 229 , 226 , 233 , 235 , 8.24007 , 292.948 , 9.44048 , 9.44048 , 1.09905 , 1.16763
90 , "microns" , 95.6973 , 37.9357 , 0.835628 , 157.626 , 312.817 , 0 , 11.9963 , 48.9526 , 152 , 307 , 164 , 319 , 20176 , 59152 , 5.29944e+06 , 40453.7 , "Default Bin" , 156 , 319 , 165 , 309 , 157.81 , 312.766 , 4.59344 , 161 , 317 , 5.63379 , 163 , 309 , 4.52369 , 162 , 316 , 5.68324 , 152 , 316 , 11.1439 , 154 , 308 , 163 , 316 , 11.0384 , 704.228 , 11.9963 , 11.9963 , 1.07649 , 1.1967
91 , "microns" , 118.343 , 40.8538 , 0.89102 , 1078.42 , 314.506 , 0 , 13.7019 , 50.178 , 1072 , 308 , 1085 , 321 , 19872 , 43392 , 5.3649e+06 , 33116.6 , "Default Bin" , 1075 , 321 , 1085 , 309 , 1078.37 , 314.366 , 5.22406 , 1084 , 317 , 6.34718 , 1082 , 308 , 5.2789 , 1074 , 310 , 6.35884 , 1075 , 321 , 11.9963 , 926 , 0 , 936 , 0 , 12.2751 , 968.454 , 13.7019 , 13.7019 , 1.14218 , 1.12231
92 , "microns" , 152.677 , 47.3982 , 0.854007 , 97.8469 , 320.526 , 0 , 15.4083 , 38.4291 , 90 , 313 , 106 , 328 , 15184 , 53664 , 7.52885e+06 , 36023.2 , "Default Bin" , 92 , 327 , 105 , 316 , 98.1863 , 320.45 , 5.75505 , 94 , 315 , 7.49223 , 91 , 326 , 5.66161 , 103 , 325 , 7.76088 , 91 , 326 , 12.849 , 93 , 315 , 102 , 326 , 13.9426 , 1419.14 , 15.4083 , 15.4083 , 1.19919 , 1.17095
93 , "microns" , 35.0647 , 67.3244 , 0.0972152 , 948.729 , 325.479 , 0 , 11.9963 , 179.688 , 942 , 319 , 955 , 331 , 24240 , 33888 , 1.42302e+06 , 29646.3 , "Default Bin" , 955 , 327 , 942 , 327 , 948.764 , 325.323 , 4.23872 , 953 , 328 , 6.21564 , 943 , 321 , 4.28301 , 953 , 328 , 6.15801 , 943 , 321 , 11.1439 , 951 , 331 , 951 , 319 , 6.68174 , 156.195 , 32.5861 , 1.07606 , 1.07649 , 10.2865
94 , "microns" , 151.947 , 47.3982 , 0.849921 , 969.837 , 329.63 , 0 , 16.2618 , 141.401 , 962 , 322 , 978 , 337 , 23936 , 49664 , 8.22862e+06 , 39560.7 , "Default Bin" , 975 , 337 , 961 , 326 , 969.802 , 329.485 , 5.32181 , 974 , 325 , 7.77949 , 962 , 325 , 5.25059 , 974 , 325 , 7.80928 , 975 , 337 , 12.849 , 965 , 334 , 974 , 323 , 13.9092 , 1408.97 , 16.2618 , 16.2618 , 1.26561 , 1.17658
95 , "microns" , 66.4768 , 31.8921 , 0.821324 , 1048 , 329.187 , 0 , 9.44048 , 1.71531 , 1043 , 325 , 1053 , 334 , 19328 , 43008 , 2.87688e+06 , 31614.1 , "Default Bin" , 1043 , 327 , 1053 , 327 , 1047.96 , 329.064 , 3.36934 , 1049 , 333 , 4.90348 , 1053 , 332 , 3.47401 , 1048 , 325 , 4.98819 , 1053 , 332 , 8.58964 , 1054 , 294 , 1055 , 303 , 9.20005 , 407.726 , 9.44048 , 9.44048 , 1.09905 , 1.21755
96 , "microns" , 97.1583 , 37.9357 , 0.848386 , 212.827 , 333.098 , 0 , 11.1439 , 45.3966 , 207 , 327 , 219 , 339 , 19472 , 60160 , 5.54299e+06 , 41676.6 , "Default Bin" , 211 , 339 , 219 , 330 , 213.025 , 333.009 , 4.62844 , 211 , 328 , 5.63068 , 217 , 328 , 4.58019 , 218 , 335 , 5.74912 , 207 , 336 , 11.1439 , 210 , 328 , 219 , 336 , 11.1223 , 720.417 , 11.1439 , 11.1439 , 1 , 1.17871
97 , "microns" , 58.4411 , 29.682 , 0.83357 , 996.688 , 333.288 , 0 , 9.44048 , 175.319 , 992 , 329 , 1001 , 338 , 22224 , 45072 , 2.71632e+06 , 33954 , "Default Bin" , 1001 , 336 , 991 , 335 , 996.683 , 333.174 , 3.36554 , 998 , 337 , 4.35439 , 1001 , 336 , 3.45858 , 998 , 337 , 4.41036 , 1001 , 336 , 8.58964 , 997 , 338 , 998 , 329 , 8.6261 , 336.079 , 9.44048 , 9.44048 , 1.09905 , 1.19966
98 , "microns" , 102.272 , 39.1444 , 0.838738 , 123.079 , 337.857 , 0 , 11.9963 , 37.1874 , 117 , 332 , 130 , 344 , 15984 , 56528 , 4.9788e+06 , 35562.9 , "Default Bin" , 120 , 344 , 130 , 336 , 123.335 , 337.786 , 4.69237 , 125 , 343 , 6.04007 , 129 , 334 , 4.67799 , 125 , 343 , 6.07184 , 117 , 341 , 11.1439 , 297 , 191 , 304 , 201 , 11.4113 , 778.034 , 11.9963 , 11.9963 , 1.07649 , 1.19227
99 , "microns" , 89.8532 , 36.2263 , 0.86039 , 152.78 , 337.618 , 0 , 11.9963 , 34.2054 , 147 , 332 , 159 , 343 , 17648 , 57680 , 4.66118e+06 , 37895.8 , "Default Bin" , 147 , 341 , 158 , 334 , 153.019 , 337.542 , 4.19841 , 155 , 342 , 5.72412 , 147 , 341 , 4.17004 , 155 , 342 , 5.93284 , 147 , 341 , 10.292 , 150 , 333 , 156 , 342 , 10.696 , 640.714 , 11.9963 , 11.9963 , 1.1656 , 1.16226
100 , "microns" , 43.1003 , 25.0545 , 0.86282 , 1155.07 , 335.475 , 0 , 7.73965 , 172.725 , 1151 , 332 , 1159 , 339 , 12224 , 33072 , 1.47336e+06 , 24972.2 , "Default Bin" , 1159 , 337 , 1151 , 336 , 1155.01 , 335.415 , 2.92831 , 1152 , 337 , 3.69813 , 1151 , 334 , 2.90813 , 1152 , 337 , 3.66863 , 1159 , 337 , 7.73965 , 1155 , 339 , 1156 , 331 , 7.4079 , 212.855 , 7.73965 , 7.73965 , 1 , 1.15899
101 , "microns" , 86.2006 , 35.7256 , 0.848712 , 183.788 , 338.61 , 0 , 11.9963 , 35.3535 , 178 , 333 , 190 , 344 , 22544 , 59136 , 4.87744e+06 , 41334.2 , "Default Bin" , 178 , 341 , 189 , 333 , 183.945 , 338.535 , 4.22633 , 182 , 334 , 5.41889 , 189 , 335 , 4.21757 , 182 , 334 , 5.50032 , 178 , 341 , 10.292 , 342 , 166 , 348 , 175 , 10.4764 , 602.046 , 11.9963 , 11.9963 , 1.1656 , 1.17826
102 , "microns" , 135.145 , 43.772 , 0.886375 , 1075.96 , 340.811 , 0 , 13.7019 , 136.767 , 1069 , 334 , 1083 , 348 , 17264 , 42480 , 6.05698e+06 , 32740.4 , "Default Bin" , 1080 , 347 , 1069 , 337 , 1075.89 , 340.668 , 5.77501 , 1070 , 344 , 6.73226 , 1072 , 334 , 5.69999 , 1076 , 334 , 6.71415 , 1083 , 344 , 12.849 , 1070 , 345 , 1080 , 335 , 13.1176 , 1181.85 , 13.7019 , 13.7019 , 1.06638 , 1.12819
103 , "microns" , 72.3209 , 32.0994 , 0.88202 , 1112.91 , 339.929 , 0 , 10.292 , 142.237 , 1108 , 335 , 1118 , 345 , 15072 , 38144 , 2.81355e+06 , 28419.7 , "Default Bin" , 1117 , 343 , 1108 , 336 , 1112.81 , 339.792 , 4.17862 , 1110 , 336 , 4.88601 , 1108 , 337 , 4.03453 , 1110 , 336 , 4.82836 , 1115 , 345 , 9.44048 , 1109 , 343 , 1115 , 335 , 9.59593 , 462.657 , 10.292 , 10.292 , 1.09019 , 1.13376
104 , "microns" , 132.954 , 44.48 , 0.844461 , 1094.45 , 349.016 , 0 , 13.7019 , 16.2526 , 1087 , 342 , 1102 , 356 , 16160 , 40320 , 5.74509e+06 , 31566.4 , "Default Bin" , 1087 , 349 , 1101 , 345 , 1094.38 , 348.88 , 5.2828 , 1096 , 355 , 6.67873 , 1102 , 347 , 5.16087 , 1093 , 343 , 6.76418 , 1102 , 351 , 12.849 , 1146 , 22 , 1150 , 36 , 13.0108 , 1153.22 , 13.7019 , 13.7019 , 1.06638 , 1.18419
105 , "microns" , 113.23 , 41.5619 , 0.823719 , 110.671 , 352.226 , 0 , 12.849 , 28.8733 , 104 , 346 , 118 , 359 , 18160 , 54320 , 5.62245e+06 , 36273.9 , "Default Bin" , 105 , 357 , 117 , 350 , 110.896 , 352.164 , 4.94322 , 111 , 358 , 6.35114 , 118 , 351 , 4.91125 , 114 , 357 , 6.51759 , 105 , 357 , 11.9963 , 263 , 250 , 269 , 262 , 12.007 , 906.367 , 12.849 , 12.849 , 1.07108 , 1.21401
106 , "microns" , 90.5837 , 36.2263 , 0.867385 , 143.863 , 351.379 , 0 , 11.9963 , 27.4479 , 138 , 346 , 150 , 357 , 17008 , 55536 , 4.53811e+06 , 36597.7 , "Default Bin" , 139 , 355 , 151 , 349 , 144.092 , 351.301 , 4.35147 , 146 , 356 , 5.62571 , 150 , 349 , 4.33449 , 146 , 356 , 5.69525 , 138 , 354 , 10.292 , 286 , 242 , 291 , 251 , 10.7394 , 648.543 , 11.9963 , 11.9963 , 1.1656 , 1.15289
107 , "microns" , 60.6326 , 30.1827 , 0.836375 , 957.554 , 350.639 , 0 , 9.44048 , 119.619 , 953 , 346 , 962 , 355 , 23632 , 45600 , 2.91565e+06 , 35128.3 , "Default Bin" , 960 , 355 , 955 , 346 , 957.554 , 350.516 , 3.64717 , 954 , 353 , 4.34736 , 954 , 347 , 3.64667 , 961 , 348 , 4.41061 , 955 , 355 , 8.58964 , 953 , 352 , 961 , 348 , 8.78635 , 355.16 , 9.44048 , 9.44048 , 1.09905 , 1.19564
108 , "microns" , 93.5058 , 37.435 , 0.838478 , 1001.91 , 353.258 , 0 , 11.1439 , 179.427 , 996 , 347 , 1008 , 359 , 19072 , 45856 , 4.43629e+06 , 34658.5 , "Default Bin" , 1008 , 355 , 996 , 355 , 1001.89 , 353.121 , 4.58871 , 1003 , 348 , 5.41059 , 996 , 351 , 4.47877 , 1003 , 348 , 5.48258 , 1007 , 357 , 11.1439 , 1004 , 359 , 1004 , 347 , 10.9112 , 680.176 , 11.1439 , 11.1439 , 1 , 1.19264
109 , "microns" , 114.691 , 41.0612 , 0.854819 , 1030.16 , 354.605 , 0 , 13.7019 , 41.6707 , 1023 , 348 , 1037 , 361 , 20880 , 44016 , 5.39118e+06 , 34338.8 , "Default Bin" , 1023 , 357 , 1034 , 347 , 1030.11 , 354.432 , 4.70442 , 1026 , 351 , 6.53043 , 1034 , 348 , 4.57403 , 1026 , 351 , 6.62019 , 1026 , 361 , 10.292 , 1000 , 0 , 1007 , 0 , 12.0842 , 923.966 , 13.7019 , 13.7019 , 1.33132 , 1.16984
110 , "microns" , 29.9511 , 64.907 , 0.0893387 , 910.463 , 357.878 , 0 , 12.849 , 18.072 , 903 , 350 , 917 , 363 , 25760 , 33952 , 1.22877e+06 , 29970 , "Default Bin" , 903 , 357 , 916 , 353 , 910.558 , 357.801 , 3.75987 , 912 , 362 , 7.46713 , 904 , 352 , 3.79512 , 912 , 362 , 7.48277 , 904 , 352 , 11.1439 , 977 , 50 , 980 , 61 , 6.17534 , 123.305 , 31.5027 , 0.950745 , 1.153 , 11.1934
111 , "microns" , 30.6816 , 22.1363 , 0.786822 , 984.476 , 356.81 , 0 , 6.04365 , 153.655 , 981 , 354 , 988 , 360 , 20928 , 43312 , 1.34163e+06 , 31943.6 , "Default Bin" , 986 , 360 , 981 , 357 , 984.462 , 356.72 , 2.25766 , 983 , 359 , 3.20085 , 982 , 354 , 2.31471 , 983 , 359 , 3.13583 , 982 , 354 , 6.04365 , 982 , 358 , 985 , 353 , 6.2502 , 127.844 , 6.04365 , 6.04365 , 1 , 1.27094
112 , "microns" , 151.216 , 46.6901 , 0.871684 , 1140.9 , 362.072 , 0 , 14.555 , 94.3513 , 1134 , 354 , 1148 , 370 , 12464 , 36912 , 5.92005e+06 , 28599.3 , "Default Bin" , 1143 , 370 , 1142 , 354 , 1140.82 , 361.894 , 5.90065 , 1134 , 362 , 7.08874 , 1139 , 354 , 5.82917 , 1134 , 362 , 7.17466 , 1143 , 370 , 13.7019 , 1134 , 366 , 1149 , 365 , 13.8757 , 1398.82 , 14.555 , 14.555 , 1.06226 , 1.14721
113 , "microns" , 97.8888 , 37.9357 , 0.854765 , 92.2836 , 360.507 , 0 , 12.849 , 25.9043 , 86 , 355 , 99 , 366 , 17584 , 51648 , 4.52546e+06 , 33772.1 , "Default Bin" , 87 , 365 , 100 , 359 , 92.4864 , 360.453 , 4.35894 , 96 , 364 , 5.95335 , 88 , 366 , 4.2674 , 96 , 364 , 6.09776 , 88 , 366 , 11.1439 , 236 , 280 , 241 , 291 , 11.164 , 728.557 , 12.849 , 12.849 , 1.153 , 1.16991
114 , "microns" , 185.551 , 52.0257 , 0.861462 , 177.657 , 368.764 , 0 , 17.9691 , 74.4383 , 170 , 359 , 185 , 378 , 17184 , 55280 , 1.01912e+07 , 40122.8 , "Default Bin" , 175 , 378 , 180 , 359 , 177.985 , 368.656 , 6.161 , 171 , 366 , 8.58193 , 180 , 359 , 6.00289 , 185 , 369 , 8.682 , 174 , 378 , 14.555 , 171 , 365 , 186 , 369 , 15.3704 , 1901.33 , 17.9691 , 17.9691 , 1.23456 , 1.16082
115 , "microns" , 99.3499 , 37.9357 , 0.867522 , 158.831 , 365.897 , 0 , 11.9963 , 48.4871 , 153 , 360 , 165 , 372 , 16576 , 57072 , 4.99413e+06 , 36721.5 , "Default Bin" , 156 , 372 , 165 , 362 , 159.049 , 365.805 , 4.73917 , 161 , 371 , 5.75003 , 156 , 372 , 4.6285 , 164 , 368 , 5.90134 , 156 , 372 , 11.1439 , 155 , 361 , 164 , 369 , 11.2471 , 744.929 , 11.9963 , 11.9963 , 1.07649 , 1.15271
116 , "microns" , 30.6816 , 63.4049 , 0.095905 , 879.667 , 367.405 , 0 , 12.849 , 6.69608 , 873 , 360 , 887 , 372 , 26704 , 34000 , 1.28834e+06 , 30674.7 , "Default Bin" , 873 , 364 , 887 , 362 , 879.737 , 367.309 , 3.82586 , 877 , 371 , 6.94055 , 883 , 360 , 3.92757 , 877 , 371 , 6.84107 , 883 , 360 , 11.1439 , 918 , 255 , 919 , 267 , 6.2502 , 127.844 , 30.7032 , 0.999297 , 1.153 , 10.427
117 , "microns" , 279.056 , 63.9056 , 0.858665 , 113.969 , 373.408 , 0 , 20.5306 , 94.1409 , 104 , 362 , 124 , 385 , 12992 , 53552 , 1.35127e+07 , 35373.4 , "Default Bin" , 115 , 385 , 113 , 362 , 114.373 , 373.249 , 7.78523 , 105 , 375 , 10.2271 , 111 , 385 , 8.04057 , 123 , 377 , 10.4495 , 111 , 385 , 18.8228 , 104 , 371 , 125 , 369 , 18.8495 , 3506.72 , 20.5306 , 20.5306 , 1.09073 , 1.1646
118 , "microns" , 97.8888 , 37.9357 , 0.854765 , 140.239 , 372.067 , 0 , 11.9963 , 50.4991 , 134 , 366 , 146 , 378 , 19376 , 56080 , 4.97672e+06 , 37139.7 , "Default Bin" , 136 , 377 , 144 , 367 , 140.455 , 372.015 , 4.56957 , 135 , 371 , 5.69738 , 143 , 366 , 4.64758 , 145 , 375 , 5.77391 , 135 , 376 , 11.9963 , 135 , 369 , 145 , 377 , 11.164 , 728.557 , 11.9963 , 11.9963 , 1 , 1.16991
119 , "microns" , 103.733 , 40.5606 , 0.792353 , 988.246 , 376.113 , 0 , 13.7019 , 56.8865 , 982 , 369 , 995 , 383 , 19136 , 45248 , 4.87226e+06 , 34311.7 , "Default Bin" , 983 , 381 , 991 , 368 , 988.23 , 375.969 , 3.59085 , 992 , 378 , 6.61832 , 993 , 370 , 3.66026 , 992 , 378 , 6.61325 , 985 , 383 , 10.292 , 982 , 376 , 991 , 382 , 11.4925 , 794.765 , 13.7019 , 13.7019 , 1.33132 , 1.26206
120 , "microns" , 37.2562 , 67.6177 , 0.102397 , 277.784 , 379.392 , 0 , 13.7019 , 29.8298 , 271 , 371 , 287 , 385 , 20944 , 33696 , 1.39334e+06 , 27320.5 , "Default Bin" , 271 , 383 , 284 , 376 , 277.88 , 379.415 , 1.09177 , 279 , 379 , 7.89377 , 287 , 380 , 1.02095 , 279 , 379 , 7.81097 , 287 , 380 , 10.292 , 427 , 183 , 433 , 192 , 6.88738 , 171.065 , 32.6684 , 1.14043 , 1.33132 , 9.7659
121 , "microns" , 87.6617 , 36.9344 , 0.807529 , 1027.2 , 377.1 , 0 , 11.1439 , 136.455 , 1021 , 371 , 1033 , 383 , 18944 , 41968 , 3.89757e+06 , 32479.7 , "Default Bin" , 1032 , 381 , 1023 , 373 , 1027.17 , 376.943 , 4.46167 , 1029 , 382 , 5.29984 , 1021 , 377 , 4.34098 , 1026 , 372 , 5.39257 , 1032 , 381 , 10.292 , 1022 , 380 , 1030 , 372 , 10.5648 , 617.417 , 11.1439 , 11.1439 , 1.08278 , 1.23835
122 , "microns" , 169.479 , 50.3163 , 0.841219 , 1082.82 , 379.741 , 0 , 15.4083 , 91.2297 , 1075 , 371 , 1091 , 388 , 15376 , 39968 , 7.29819e+06 , 31457.7 , "Default Bin" , 1085 , 388 , 1085 , 371 , 1082.75 , 379.546 , 6.43055 , 1090 , 382 , 7.47279 , 1083 , 371 , 6.481 , 1082 , 372 , 7.4775 , 1085 , 388 , 14.555 , 1075 , 377 , 1091 , 377 , 14.6897 , 1659.73 , 15.4083 , 15.4083 , 1.05863 , 1.18875
123 , "microns" , 97.8888 , 38.4364 , 0.832641 , 233.463 , 378.366 , 0 , 11.9963 , 19.4639 , 227 , 373 , 240 , 384 , 19696 , 59568 , 5.38946e+06 , 40219.8 , "Default Bin" , 227 , 379 , 239 , 375 , 233.699 , 378.238 , 4.17321 , 235 , 383 , 6.02676 , 239 , 374 , 4.21896 , 235 , 383 , 6.19339 , 227 , 381 , 11.1439 , 343 , 274 , 347 , 286 , 11.164 , 728.557 , 11.9963 , 11.9963 , 1.07649 , 1.201
124 , "microns" , 30.6816 , 58.0693 , 0.114339 , 932.524 , 379.143 , 0 , 10.292 , 153.028 , 927 , 373 , 938 , 384 , 22608 , 33168 , 1.19992e+06 , 28569.5 , "Default Bin" , 937 , 382 , 927 , 377 , 932.406 , 379.062 , 3.25829 , 930 , 382 , 5.67616 , 930 , 373 , 3.2456 , 930 , 382 , 5.63586 , 935 , 373 , 10.292 , 929 , 382 , 934 , 372 , 6.2502 , 127.844 , 27.9364 , 1.09826 , 1 , 8.74594
125 , "microns" , 55.519 , 29.3887 , 0.807776 , 161.829 , 382.355 , 0 , 9.44048 , 38.0737 , 157 , 378 , 167 , 387 , 20928 , 56576 , 2.80362e+06 , 36889.7 , "Default Bin" , 158 , 385 , 166 , 379 , 161.975 , 382.321 , 3.26613 , 160 , 379 , 4.43012 , 167 , 382 , 3.26385 , 163 , 386 , 4.34045 , 160 , 387 , 8.58964 , 360 , 198 , 365 , 205 , 8.40768 , 311.191 , 9.44048 , 9.44048 , 1.09905 , 1.23797
126 , "microns" , 31.4121 , 66.1157 , 0.0903021 , 365.698 , 388.209 , 0 , 17.1154 , 45.1165 , 360 , 382 , 378 , 398 , 23936 , 34000 , 1.30782e+06 , 30414.5 , "Default Bin" , 363 , 397 , 376 , 384 , 365.801 , 388.053 , 3.68155 , 362 , 386 , 10.8667 , 378 , 385 , 3.69229 , 362 , 386 , 10.7481 , 378 , 385 , 11.1439 , 529 , 10 , 537 , 19 , 6.32417 , 132.437 , 32.0786 , 0.979222 , 1.53585 , 11.0739
127 , "microns" , 96.4278 , 38.1431 , 0.832876 , 1033.6 , 390.818 , 0 , 11.9963 , 178.562 , 1027 , 385 , 1040 , 397 , 18160 , 41360 , 4.23434e+06 , 32078.3 , "Default Bin" , 1040 , 392 , 1027 , 392 , 1033.54 , 390.664 , 4.58804 , 1035 , 396 , 5.64187 , 1027 , 391 , 4.72771 , 1035 , 396 , 5.63457 , 1040 , 392 , 11.1439 , 1034 , 397 , 1034 , 385 , 11.0804 , 712.307 , 11.9963 , 11.9963 , 1.07649 , 1.20066
128 , "microns" , 57.7106 , 29.8894 , 0.811768 , 116.987 , 391.886 , 0 , 10.292 , 27.3512 , 112 , 387 , 122 , 396 , 18480 , 54048 , 2.61155e+06 , 33057.6 , "Default Bin" , 113 , 395 , 123 , 390 , 117.121 , 391.859 , 3.16901 , 119 , 395 , 4.62979 , 112 , 394 , 3.12833 , 119 , 395 , 4.74369 , 112 , 394 , 7.73965 , 283 , 290 , 286 , 297 , 8.57201 , 329.797 , 10.292 , 10.292 , 1.32977 , 1.23188
129 , "microns" , 72.3209 , 32.8075 , 0.844359 , 770.182 , 395.636 , 0 , 10.292 , 59.7694 , 765 , 390 , 775 , 401 , 24416 , 54000 , 4.02096e+06 , 40615.8 , "Default Bin" , 766 , 399 , 772 , 389 , 770.246 , 395.488 , 4.0404 , 772 , 400 , 4.8679 , 771 , 390 , 3.98124 , 769 , 391 , 4.82979 , 769 , 401 , 9.44048 , 766 , 393 , 775 , 398 , 9.59593 , 462.657 , 10.292 , 10.292 , 1.09019 , 1.18433
130 , "microns" , 115.421 , 48.7535 , 0.610215 , 1014.37 , 397.196 , 0 , 17.9691 , 157.399 , 1007 , 391 , 1025 , 402 , 17168 , 43552 , 5.20986e+06 , 32973.8 , "Default Bin" , 1025 , 402 , 1007 , 394 , 1014.22 , 396.998 , 3.62834 , 1018 , 395 , 9.9724 , 1025 , 402 , 3.65636 , 1018 , 395 , 10.159 , 1025 , 402 , 11.1439 , 1009 , 401 , 1014 , 390 , 12.1227 , 932.808 , 17.9447 , 6.43204 , 1.61245 , 1.63877
131 , "microns" , 132.954 , 52.1723 , 0.613803 , 1104.7 , 397.709 , 0 , 21.3846 , 164.776 , 1096 , 391 , 1118 , 402 , 18496 , 36944 , 5.49962e+06 , 30217.7 , "Default Bin" , 1118 , 402 , 1095 , 396 , 1104.74 , 397.753 , 3.67646 , 1105 , 402 , 11.9419 , 1118 , 402 , 3.63699 , 1105 , 402 , 11.8999 , 1118 , 402 , 11.1439 , 1100 , 402 , 1103 , 390 , 13.0108 , 1153.22 , 19.1397 , 6.94648 , 1.91895 , 1.62919
132 , "microns" , 47.4834 , 26.9105 , 0.823964 , 1129.42 , 399.262 , 0 , 9.44048 , 0.864086 , 1124 , 396 , 1134 , 402 , 11072 , 34016 , 1.67822e+06 , 25818.8 , "Default Bin" , 1124 , 400 , 1134 , 400 , 1129.39 , 399.256 , 2.36734 , 1129 , 402 , 4.67137 , 1124 , 400 , 2.36906 , 1129 , 402 , 4.6545 , 1124 , 400 , 6.89082 , 1133 , 379 , 1133 , 386 , 7.77546 , 246.137 , 9.44048 , 9.44048 , 1.37001 , 1.21365
